VERSION: 4
COMMENT: Cobalt DHCP (GSAS calculation, EOS from hcp)
K0:       194.000
K0P:       5.00000
SYMMETRY: HEXAGONAL
A:       2.50500
C:       7.99095
ALPHAT:      0.000000
DIHKL:   2.1694     10.    1.00    0.00    0.00
DIHKL:   2.0959     46.    1.00    0.00    1.00
DIHKL:   2.0300     37.    0.00    0.00    4.00
DIHKL:   1.9134    100.    1.00    0.00    2.00
DIHKL:   1.6928     21.    1.00    0.00    3.00
DIHKL:   1.4823      4.    1.00    0.00    4.00
DIHKL:   1.3001      6.    1.00    0.00    5.00
DIHKL:   1.2525     12.    1.00    1.00    0.00
DIHKL:   1.1482      7.    1.00    0.00    6.00
DIHKL:   1.0752      2.    2.00    0.00    1.00
DIHKL:   1.0659     10.    1.00    1.00    4.00
DIHKL:   1.0479      5.    2.00    0.00    2.00
DIHKL:   1.0229      2.    1.00    0.00    7.00
DIHKL:   1.0150      2.    0.00    0.00    8.00
DIHKL:   1.0069      1.    2.00    0.00    3.00
DIHKL:   0.8464      1.    2.00    0.00    6.00
