VERSION: 4
COMMENT: CaO-b2 (GSAS, EOS by Richet et al 1988)
K0:       130.000
K0P:       3.50000
SYMMETRY: CUBIC
A:      2.90740
ALPHAT:      0.000000
DIHKL:   2.9074     29.    1.00    0.00    0.00
DIHKL:   2.0558    100.    1.00    1.00    0.00
DIHKL:   1.6786      8.    1.00    1.00    1.00
DIHKL:   1.4537     13.    2.00    0.00    0.00
DIHKL:   1.3002      9.    2.00    1.00    0.00
DIHKL:   1.1869     15.    2.00    1.00    1.00
DIHKL:   1.0279      2.    2.00    2.00    0.00
DIHKL:   0.9691      1.    2.00    2.00    1.00
DIHKL:   0.9691      1.    3.00    0.00    0.00
DIHKL:   0.9194      2.    3.00    1.00    0.00
DIHKL:   0.8766      1.    3.00    1.00    1.00
DIHKL:   0.8393      2.    2.00    2.00    2.00
