VERSION: 4
COMMENT: Co2O3 (by Chenavas and Joubert, EOS from CoO, 66)
K0:       190.500
K0P:       3.90000
SYMMETRY: HEXAGONAL
A:       4.78200
C:       12.9592
ALPHAT:      0.000000
DIHKL:   3.4890     25.    0.00    1.00    2.00
DIHKL:   2.5510    100.    1.00    0.00    4.00
DIHKL:   2.3910     66.    1.00    1.00    0.00
DIHKL:   2.0920     16.    1.00    1.00    3.00
DIHKL:   1.7450     33.    0.00    2.00    4.00
DIHKL:   1.6020     90.    1.00    1.00    6.00
DIHKL:   1.4090     43.    2.00    1.00    4.00
DIHKL:   1.3800     50.    0.00    2.00    7.00
DIHKL:   1.2360     48.    1.00    0.00   10.00
DIHKL:   1.2330     15.    1.00    1.00    9.00
DIHKL:   1.1950     46.    2.00    1.00    7.00
DIHKL:   1.1630     48.    3.00    0.00    6.00
