VERSION: 4
COMMENT: Fluorite (354-0816, R. Angel, 1993)
K0:       81.000
K0P:       5.22000
SYMMETRY: CUBIC
A:      5.46305
ALPHAT:      0.0001100
DIHKL:   3.15461     92.    1.00    1.00    1.00
DIHKL:   2.73141       1.    2.00    0.00    0.00
DIHKL:   1.93160   100.    2.00    2.00    0.00
DIHKL:   1.64714     33.    3.00    1.00    1.00
DIHKL:   1.57706       1.    2.00    2.00    2.00
DIHKL:   1.36563     10.    4.00    0.00    0.00
DIHKL:   1.25327       9.    3.00    3.00    1.00
DIHKL:   1.22160       1.    4.00    2.00    0.00
DIHKL:   1.11523     17.    4.00    2.00    2.00
DIHKL:   1.05140       7.    3.00   3.00    3.00
DIHKL:   0.965765     4.    4.00    4.00   0.00
DIHKL:   0.923405     6.    5.00   3.00    1.00
DIHKL:   0.910461     1.   6.00    0.00    0.00
DIHKL:   0.863752     8.    6.00    2.00    0.00
DIHKL:   0.833141     3.    5.00    3.00    3.00
DIHKL:   0.823580     2.    6.00    2.00    2.00