VERSION: 4
COMMENT: Perovskite_cubic (GSAS calculation, EOS from Mao et al)
K0:       261.000
K0P:       4.00000
SYMMETRY: CUBIC
A:      3.43690
ALPHAT:      0.000000
DIHKL:   3.4369     57.    1.00    0.00    0.00
DIHKL:   2.4303    100.    1.00    1.00    0.00
DIHKL:   1.9843     38.    1.00    1.00    1.00
DIHKL:   1.7184     68.    2.00    0.00    0.00
DIHKL:   1.5370     13.    2.00    1.00    0.00
DIHKL:   1.4031     19.    2.00    1.00    1.00
DIHKL:   1.2151     11.    2.00    2.00    0.00
DIHKL:   1.1456      1.    3.00    0.00    0.00
DIHKL:   1.1456      2.    2.00    2.00    1.00
DIHKL:   1.0868      2.    3.00    1.00    0.00
DIHKL:   1.0363      1.    3.00    1.00    1.00
DIHKL:   0.9922      1.    2.00    2.00    2.00
DIHKL:   0.9532      1.    3.00    2.00    0.00
DIHKL:   0.9186      3.    3.00    2.00    1.00
DIHKL:   0.8592      1.    4.00    0.00    0.00
DIHKL:   0.8336      1.    4.00    1.00    0.00
DIHKL:   0.8336      1.    3.00    2.00    2.00
