VERSION: 4
COMMENT: Lead (hcp - 13.9 GPa) (23-345, EOS from Vohra and Ruoff, 90 )
K0:       46.6300
K0P:       5.23000
SYMMETRY: HEXAGONAL
A:       3.50200
C:       5.70826
ALPHAT:      0.000000
DIHKL:   2.8200     75.    1.00    0.00    0.00
DIHKL:   2.6900     30.    0.00    0.00    2.00
DIHKL:   2.5100    100.    1.00    0.00    1.00
DIHKL:   1.9500     10.    1.00    0.00    2.00
DIHKL:   1.6330     70.    1.00    1.00    0.00
DIHKL:   1.5140     20.    1.00    0.00    3.00
DIHKL:   1.3970     35.    1.00    1.00    2.00
DIHKL:   1.3670     35.    2.00    0.00    1.00
DIHKL:   1.2540      5.    2.00    0.00    2.00
DIHKL:   1.1100     15.    2.00    0.00    3.00
DIHKL:   1.0470     20.    2.00    1.00    1.00
DIHKL:   0.9927     10.    2.00    1.00    2.00
DIHKL:   0.9195     15.    2.00    1.00    3.00
