VERSION: 4
COMMENT: PbS (JCPDS 5-0592, EOS from ZnS)
K0:       89.0000
K0P:      -2.00000
SYMMETRY: HEXAGONAL
A:       3.79200
C:       16.3440
ALPHAT:      0.000000
DIHKL:   3.2850     14.    1.00    0.00    0.00
DIHKL:   3.2200     30.    1.00    0.00    1.00
DIHKL:   3.0480     65.    1.00    0.00    2.00
DIHKL:   2.8130    100.    1.00    0.00    3.00
DIHKL:   2.7240     55.    0.00    0.00    6.00
DIHKL:   2.3170     10.    1.00    0.00    5.00
DIHKL:   1.9020     25.    1.00    0.00    7.00
DIHKL:   1.8960     75.    1.00    1.00    0.00
DIHKL:   1.7350     35.    1.00    0.00    8.00
DIHKL:   1.5720     16.    2.00    0.00    3.00
DIHKL:   1.5560     35.    1.00    1.00    6.00
DIHKL:   1.2800     10.    2.00    0.00    8.00
DIHKL:   1.2100     10.    2.00    1.00    3.00
DIHKL:   1.0946     10.    2.00    1.00    3.00
DIHKL:   1.0607     10.    2.00    1.00    8.00
