VERSION: 4
COMMENT: quartz (JCPDS 46-1045) EOS from 
K0:       38.0000
K0P:       5.40000
SYMMETRY: HEXAGONAL
A:       4.91344
C:       5.40524
ALPHAT:      0.000000
DIHKL:   4.2550     16.    1.00    0.00    0.00
DIHKL:   3.3435    100.    1.00    0.00    1.00
DIHKL:   2.4569      9.    1.00    1.00    0.00
DIHKL:   2.2815      8.    1.00    0.00    2.00
DIHKL:   2.2361      4.    1.00    1.00    1.00
DIHKL:   2.1277      6.    2.00    0.00    0.00
DIHKL:   1.8180     13.    1.00    1.00    2.00
DIHKL:   1.5415      9.    2.00    1.00    1.00
DIHKL:   1.3821      6.    2.00    1.00    2.00
DIHKL:   1.3750      7.    2.00    0.00    3.00
