VERSION: 4
COMMENT: ZnSiO3 (Ilmenite structure Ito and Matsui, 1974)				
K0:       165.000
K0P:       4.00000
SYMMETRY: HEXAGONAL
A:       4.74600
C:       13.7550
ALPHAT:      0.000000
DIHKL:   4.5850     10.    0.00    0.00    3.00
DIHKL:   3.9380     15.    1.00    0.00    1.00
DIHKL:   3.5280     15.    0.00    1.00    2.00
DIHKL:   2.6350    100.    1.00    0.00    4.00
DIHKL:   2.3730     35.    1.00    1.00    0.00
DIHKL:   2.2860     15.    0.00    1.00    5.00
DIHKL:   2.1070     30.    1.00    1.00    3.00
DIHKL:   1.7728     15.    1.00    0.00    7.00
DIHKL:   1.7640     20.    0.00    2.00    4.00
DIHKL:   1.6487     20.    1.00    1.00    6.00
DIHKL:   1.5862     15.    0.00    1.00    8.00
DIHKL:   1.5436      5.    2.00    1.00    1.00
DIHKL:   1.5152      5.    1.00    2.00    2.00
DIHKL:   1.4157     10.    2.00    1.00    4.00
DIHKL:   1.3700     10.    0.00    3.00    0.00
DIHKL:   1.3527      5.    1.00    2.00    5.00
DIHKL:   1.3186      5.    2.00    0.00    8.00
DIHKL:   1.3044      5.    0.00    1.00   10.00
DIHKL:   1.2849     10.    1.00    1.00    9.00
