VERSION: 4
COMMENT: Al2O3 corundum (JCPDS 46-1212, EOS)
K0:       254.000
K0P:       4.30000
SYMMETRY: HEXAGONAL
A:       4.75870
C:       12.9929
ALPHAT:      0.000000
DIHKL:   3.4797     45.    0.00    1.00    2.00
DIHKL:   2.5508    100.    1.00    0.00    4.00
DIHKL:   2.3795     21.    1.00    1.00    0.00
DIHKL:   2.0853     66.    1.00    1.00    3.00
DIHKL:   1.7401     34.    0.00    2.00    4.00
DIHKL:   1.6016     89.    1.00    1.00    6.00
DIHKL:   1.5110     14.    0.00    1.00    8.00
DIHKL:   1.4045     23.    2.00    1.00    4.00
DIHKL:   1.3737     27.    3.00    0.00    0.00
DIHKL:   1.2392     29.    1.00    0.00   10.00
DIHKL:   1.2343     12.    1.00    1.00    9.00
DIHKL:   1.0990      9.    0.00    2.00   10.00
