VERSION: 4
COMMENT: AlFeO3 (GSAS calculation,EOS is the guess)
K0:       233.000
K0P:       4.00000
SYMMETRY: ORTHORHOMBIC
A:       4.979
B:       8.547
C:       9.234
ALPHAT:      0.000000
DIHKL:   6.2725     27.8   0.00   -1.00    -1.00 
DIHKL:   3.8998     24.1  -1.00   -1.00    -1.00 
DIHKL:   3.2428     7.0   -1.00   -2.00     0.00 
