VERSION: 4
COMMENT: CaF2 InNi2 structure (From BaF2)
K0:       130.000
K0P:      4.00000
SYMMETRY: HEXAGONAL
A:      4.599
C:      5.933
ALPHAT:      0.000044
DIHKL:   3.9826     9.0   0.00    1.00    0.00
DIHKL:   3.3068     32.0   0.00    1.00    -1.00
DIHKL:   2.9665     19.0   0.00    0.00    -2.00
DIHKL:   2.3791     86.0   1.00    0.00    -2.00
DIHKL:   2.2995    100.0   1.00    1.00    0.00
DIHKL:   1.8879     7.0   2.00    -2.00    1.00
DIHKL:   1.8174     25.0   1.00    1.00    2.00
DIHKL:   1.7713     5.0   1.00    0.00    3.00
DIHKL:   1.6534     23.0   2.00    -2.00    2.00
DIHKL:   1.4833      7.0   0.00    0.00    -4.00
DIHKL:   1.4591      6.0   2.00    1.00    -1.00
DIHKL:   1.3424     19.0  1.00    2.00    -2.00
DIHKL:   1.3276     12.0   3.00   -3.00    0.00
DIHKL:   1.2464     19.0   2.00    -1.00    4.00
DIHKL:   1.2118     6.0   -3.00    3.00    2.00