VERSION: 4
COMMENT: CaO (JCPDS 37-1497, EOS by Richet et al 1988)
K0:       111.000
K0P:       4.20000
SYMMETRY: CUBIC
A:      4.81059
ALPHAT:      0.000000
DIHKL:   2.7774     36.    1.00    1.00    1.00
DIHKL:   2.4059    100.    2.00    0.00    0.00
DIHKL:   1.7009     54.    2.00    2.00    0.00
DIHKL:   1.4505     16.    3.00    1.00    1.00
DIHKL:   1.3888     16.    2.00    2.00    2.00
DIHKL:   1.2026      6.    4.00    0.00    0.00
DIHKL:   1.1037      6.    3.00    3.00    1.00
DIHKL:   1.0758     16.    4.00    2.00    0.00
DIHKL:   0.9819     12.    4.00    2.00    2.00
DIHKL:   0.9257      6.    5.00    1.00    1.00
DIHKL:   0.8504      6.    4.00    4.00    0.00
DIHKL:   0.8131     10.    5.00    3.00    1.00
DIHKL:   0.8018     16.    6.00    0.00    0.00
