VERSION: 4
COMMENT: Ca-perovskite (using aristotype, EOS by Shim et al 1999)
K0:       236.000
K0P:       3.90000
SYMMETRY: CUBIC
A:      3.56660
ALPHAT:      0.000000
DIHKL:   3.5666      4.    1.00    0.00    0.00
DIHKL:   2.5220    100.    1.00    1.00    0.00
DIHKL:   2.0592     31.    1.00    1.00    1.00
DIHKL:   1.7833     56.    2.00    0.00    0.00
DIHKL:   1.5950      1.    2.00    1.00    0.00
DIHKL:   1.4561     15.    2.00    1.00    1.00
DIHKL:   1.2610      9.    2.00    2.00    0.00
DIHKL:   1.1889      1.    2.00    2.00    1.00
DIHKL:   1.1889      1.    3.00    0.00    0.00
DIHKL:   1.1279      3.    3.00    1.00    0.00
DIHKL:   1.0754      1.    3.00    1.00    1.00
DIHKL:   1.0296      3.    2.00    2.00    2.00
DIHKL:   0.9892      1.    3.00    2.00    0.00
DIHKL:   0.9532      1.    3.00    2.00    1.00
DIHKL:   0.8917      1.    4.00    0.00    0.00
DIHKL:   0.8650      1.    3.00    2.00    2.00
DIHKL:   0.8650      1.    4.00    1.00    0.00
DIHKL:   0.8407      1.    4.00    1.00    1.00
DIHKL:   0.8407      1.    3.00    3.00    0.00
