VERSION: 4
COMMENT: Co2O3 (by Chenavas and Joubert, EOS from CoO, 66)
K0:       190.500
K0P:       3.90000
SYMMETRY: HEXAGONAL
A:       4.88200
C:       13.3864
ALPHAT:      0.000000
DIHKL:   3.5740     24.    0.00    1.00    2.00
DIHKL:   2.6240     61.    1.00    0.00    4.00
DIHKL:   2.4410     50.    1.00    1.00    0.00
DIHKL:   2.1410     21.    1.00    1.00    3.00
DIHKL:   1.7870     24.    0.00    2.00    4.00
DIHKL:   1.6470    100.    1.00    1.00    6.00
