VERSION: 4
COMMENT: Co3O4 (JCPDS 42-1467, EOS from NSLS experiment)
K0:       300.000
K0P:       3.90000
SYMMETRY: CUBIC
A:      8.07990
ALPHAT:      0.000000
DIHKL:   4.6670     19.    1.00    1.00    1.00
DIHKL:   2.8580     34.    2.00    2.00    0.00
DIHKL:   2.4370    100.    3.00    1.00    1.00
DIHKL:   2.3340      9.    2.00    2.00    2.00
DIHKL:   2.0210     19.    4.00    0.00    0.00
DIHKL:   1.6501      8.    4.00    2.00    2.00
DIHKL:   1.5557     29.    5.00    1.00    1.00
DIHKL:   1.4290     34.    4.00    4.00    0.00
DIHKL:   1.3664      2.    5.00    3.00    1.00
DIHKL:   1.2782      2.    6.00    2.00    0.00
DIHKL:   1.1668      2.    4.00    4.00    4.00
DIHKL:   1.1320      1.    7.00    1.00    1.00
DIHKL:   1.0802      3.    6.00    4.00    2.00
DIHKL:   1.0524      9.    7.00    3.00    1.00
DIHKL:   1.0105      3.    8.00    0.00    0.00
