VERSION: 4
COMMENT: Fe (bcc)  (JCPDS 6-0696, EOS from ?)
K0:       170.000
K0P:      5.000000
SYMMETRY: CUBIC
A:      2.86640
ALPHAT:      0.000000
DIHKL:   2.0268    100.    1.00    1.00    0.00
DIHKL:   1.4320     19.    2.00    0.00    0.00
DIHKL:   1.1702     30.    2.00    1.00    1.00
DIHKL:   1.0134      9.    2.00    2.00    0.00
DIHKL:   0.9064     12.    3.00    1.00    0.00
DIHKL:   0.8275      6.    2.00    2.00    2.00
