VERSION: 4
COMMENT: Iron DHCP (Shen's calculation, EOS from hcp-Fe)
K0:       165.000
K0P:       5.33000
SYMMETRY: HEXAGONAL
A:       2.51600
C:       8.05120
ALPHAT:      0.000000
DIHKL:   2.1789     10.    1.00    0.00    0.00
DIHKL:   2.1033     46.    1.00    0.00    1.00
DIHKL:   2.0128     35.    0.00    0.00    4.00
DIHKL:   1.9162    100.    1.00    0.00    2.00
DIHKL:   1.6916     21.    1.00    0.00    3.00
DIHKL:   1.4785      4.    1.00    0.00    4.00
DIHKL:   1.2950      6.    1.00    0.00    5.00
DIHKL:   1.2580     12.    1.00    1.00    0.00
DIHKL:   1.1426      7.    1.00    0.00    6.00
DIHKL:   1.0895      2.    2.00    0.00    1.00
DIHKL:   1.0796     10.    1.00    1.00    4.00
DIHKL:   1.0668      5.    2.00    0.00    2.00
DIHKL:   1.0516      2.    1.00    0.00    7.00
DIHKL:   1.0172      2.    0.00    0.00    8.00
DIHKL:   1.0095      1.    2.00    0.00    3.00
DIHKL:   1.0064      1.    2.00    0.00    6.00
