VERSION: 4
COMMENT: Fe2O3 Hematite (JCPDS 33-664, EOS not confirmed)
K0:       231.000
K0P:       4.00000
SYMMETRY: HEXAGONAL
A:       5.0356
C:       13.7489
ALPHAT:      0.000000
DIHKL:   3.6840     30.    0.00    1.00    2.00
DIHKL:   2.7000    100.    1.00    0.00    4.00
DIHKL:   2.5190     70.    1.00    1.00    0.00
DIHKL:   2.2920      3.    0.00    0.00    6.00
DIHKL:   2.2070     20.    1.00    1.00    3.00
DIHKL:   2.0779      3.    2.00    0.00    2.00
DIHKL:   1.8406     40.    0.00    2.00    4.00
DIHKL:   1.6941     45.    1.00    1.00    6.00
DIHKL:   1.6367      1.    2.00    1.00    1.00
DIHKL:   1.6033      5.    1.00    2.00    2.00
DIHKL:   1.5992     10.    0.00    1.00    8.00
DIHKL:   1.4859     30.    2.00    1.00    4.00