VERSION: 4
COMMENT: Siderite (29-0696, EOS from magnesite by Ross 1997)
K0:       117.000
K0P:       2.30000
SYMMETRY: HEXAGONAL
A:       4.69350
C:       15.3862
ALPHAT:      0.000000
DIHKL:   3.5930     25.    0.00    1.00    2.00
DIHKL:   2.7950    100.    1.00    0.00    4.00
DIHKL:   2.3460     20.    1.00    1.00    0.00
DIHKL:   2.1340     20.    1.00    1.00    3.00
DIHKL:   1.9650     20.    2.00    0.00    2.00
DIHKL:   1.7968     12.    0.00    2.00    4.00
DIHKL:   1.7382     30.    0.00    1.00    8.00
DIHKL:   1.7315     35.    1.00    1.00    6.00
DIHKL:   1.5291      3.    2.00    1.00    1.00
DIHKL:   1.5063     14.    1.00    2.00    2.00
DIHKL:   1.4390      3.    1.00    0.00   10.00
DIHKL:   1.4266     11.    2.00    1.00    4.00
DIHKL:   1.3969      6.    2.00    0.00    8.00
DIHKL:   1.3818      3.    1.00    1.00    9.00
DIHKL:   1.3548     11.    3.00    0.00    0.00
DIHKL:   1.2823      5.    0.00    0.00   12.00
DIHKL:   1.2002      5.    1.00    2.00    8.00
DIHKL:   1.0820      5.    1.00    3.00    4.00
