VERSION: 4
COMMENT: Mg2SiO4 spinel (GSAS calculation, EOS from Knittle and Jeanloz,1987)
K0:       183.000
K0P:       5.38000
SYMMETRY: CUBIC
A:      8.07090
ALPHAT:      0.000000
DIHKL:   2.8535     30.    2.00    2.00    0.00
DIHKL:   2.4335    100.    3.00    1.00    1.00
DIHKL:   2.3299      1.    2.00    2.00    2.00
DIHKL:   2.0177     39.    4.00    0.00    0.00
DIHKL:   1.8516      2.    3.00    3.00    1.00
DIHKL:   1.6475      6.    4.00    2.00    2.00
DIHKL:   1.5532      6.    3.00    3.00    3.00
DIHKL:   1.5532      9.    5.00    1.00    1.00
DIHKL:   1.4267     31.    4.00    4.00    0.00
DIHKL:   1.2761      1.    6.00    2.00    0.00
DIHKL:   1.2308      3.    5.00    3.00    3.00
DIHKL:   1.1649      2.    4.00    4.00    4.00
DIHKL:   1.0507      2.    7.00    3.00    1.00
DIHKL:   1.0507      1.    5.00    5.00    3.00
DIHKL:   1.0089      1.    8.00    0.00    0.00
DIHKL:   0.9024      1.    8.00    4.00    0.00
