VERSION: 4
COMMENT: Magnesite (08-0479, EOS from Ross 1997)
K0:       117.000
K0P:       2.30000
SYMMETRY: HEXAGONAL
A:       4.63320
C:       15.0148
ALPHAT:      0.000000
DIHKL:   2.7420    100.    1.00    0.00    4.00
DIHKL:   2.5030     18.    0.00    0.00    6.00
DIHKL:   2.3180      4.    1.00    1.00    0.00
DIHKL:   2.1020     45.    1.00    1.00    3.00
DIHKL:   1.9390     12.    2.00    0.00    2.00
DIHKL:   1.7690      4.    0.00    2.00    4.00
DIHKL:   1.7000     35.    1.00    1.00    6.00
DIHKL:   1.5100      4.    2.00    1.00    1.00
DIHKL:   1.4880      6.    1.00    2.00    2.00
DIHKL:   1.4060      4.    2.00    1.00    4.00
DIHKL:   1.3710      4.    2.00    0.00    8.00
DIHKL:   1.3540      8.    1.00    1.00    9.00
DIHKL:   1.3380      8.    3.00    0.00    0.00
DIHKL:   1.2520      4.    0.00    0.00   12.00
DIHKL:   1.0669      4.    1.00    3.00    4.00
DIHKL:   0.9134      8.    2.00    3.00    2.00
