VERSION: 4
COMMENT: mn2o3 alpha (JCPDS33-0900, from guess)
K0:       200.000
K0P:       4.00000
SYMMETRY: HEXAGONAL
A:       5.04000
C:       14.1200
ALPHAT:      0.000000
DIHKL:   3.7500     30.    0.00    1.00    2.00
DIHKL:   2.7700     65.    1.00    0.00    4.00
DIHKL:   2.5200    100.    1.00    1.00    0.00
DIHKL:   2.2200     35.    1.00    1.00    3.00
DIHKL:   1.8600     25.    0.00    2.00    4.00
DIHKL:   1.7200     75.    1.00    1.00    6.00
DIHKL:   1.4900     15.    1.00    2.00    4.00
DIHKL:   1.4500     45.    0.00    3.00    0.00
