VERSION: 4
COMMENT: FCC nickel (JCPDS 04-0850, EOS from Lazor thesis)
K0:       181.000
K0P:       5.20000
SYMMETRY: CUBIC
A:      3.5230
ALPHAT:      0.000000
DIHKL:   2.0760    100.    1.00    1.00    1.00
DIHKL:   1.7950    100.    2.00    0.00    0.00
DIHKL:   1.2710    100.    2.00    2.00    0.00
DIHKL:   1.0840    100.    3.00    1.00    1.00
DIHKL:   1.0380    100.    2.00    2.00    2.00
DIHKL:   0.8990    100.    4.00    0.00    0.00
DIHKL:   0.8040    100.    4.00    2.00    0.00
DIHKL:   0.7340    100.    4.00    2.00    2.00
DIHKL:   0.6920    100.    5.00    1.00    1.00
