VERSION: 4
COMMENT: ReO2 monoclinic (EOS assumed)
K0:       200.000
K0P:       4.00000
SYMMETRY: MONOCLINIC
A:       5.58000
B:       4.81000
C:       5.50000
BETA:       119.550
ALPHAT:      0.000000
DIHKL:   3.4000    100.   -1.00    1.00    1.00
DIHKL:   2.7900     20.   -1.00    0.00    2.00
DIHKL:   2.4000    100.    0.00    2.00    0.00
DIHKL:   2.1700     20.   -2.00    1.00    0.00
DIHKL:   2.1400     40.    0.00    1.00    2.00
