VERSION: 4
COMMENT: ReO3 cubic (EOS assumed)
K0:       200.000
K0P:       4.00000
SYMMETRY: CUBIC
A:      3.74800
ALPHAT:      0.000000
DIHKL:   3.7600     85.    1.00    0.00    0.00
DIHKL:   2.6540     80.    1.00    1.00    0.00
DIHKL:   2.1660     25.    1.00    1.00    1.00
DIHKL:   1.8750     50.    2.00    0.00    0.00
DIHKL:   1.6770    100.    2.00    1.00    1.00
DIHKL:   1.5306     55.    2.00    1.00    1.00
DIHKL:   1.3257     30.    2.00    2.00    0.00
DIHKL:   1.2498     55.    3.00    0.00    0.00
