VERSION: 4
COMMENT: MgAl2O4 Spinel ()
K0:       194.000
K0P:       3.55000
SYMMETRY: CUBIC
A:      8.08320
ALPHAT:      0.0001100
DIHKL:   4.67060     35.    1.00    1.00    1.00
DIHKL:   2.86020     40.    2.00    2.00    0.00
DIHKL:   2.43920    100.    3.00    1.00    1.00
DIHKL:   2.33530      4.    2.00    2.00    2.00
DIHKL:   2.02240     65.    4.00    0.00    0.00
DIHKL:   1.65130     10.    4.00    2.00    2.00
DIHKL:   1.55690     45.    5.00    1.00    1.00
DIHKL:   1.43010     55.    4.00    4.00    0.00
DIHKL:   1.36740      4.    5.00    3.00    1.00
DIHKL:   1.27910      4.    6.00    2.00    0.00
DIHKL:   1.23370      8.    5.00    3.00    3.00
DIHKL:   1.16770      6.    4.00    4.00    4.00
DIHKL:   1.08100      6.    6.00    4.00    2.00
DIHKL:   1.05320     12.    7.00    3.00    1.00
DIHKL:   1.01120      8.    8.00    0.00    0.00