VERSION: 4
COMMENT: TiB2 (JCPDS 35-0741, EOS from Abbate et al, 1991)
K0:       236.000
K0P:       2.00000
SYMMETRY: HEXAGONAL
A:       3.03034
C:       3.22943
ALPHAT:      0.000000
DIHKL:   3.2295     22.    0.00    0.00    1.00
DIHKL:   2.6247     55.    1.00    0.00    0.00
DIHKL:   2.0370    100.    1.00    0.00    1.00
DIHKL:   1.6145     12.    0.00    0.00    2.00
DIHKL:   1.5153     27.    1.00    1.00    0.00
DIHKL:   1.3751     16.    1.00    0.00    2.00
DIHKL:   1.3717     18.    1.00    1.00    1.00
DIHKL:   1.3122      7.    2.00    0.00    0.00
DIHKL:   1.2156     16.    2.00    0.00    1.00
DIHKL:   1.1049     14.    1.00    1.00    2.00
DIHKL:   1.0766      1.    0.00    0.00    3.00
DIHKL:   1.0183      5.    2.00    0.00    2.00
DIHKL:   0.9959      8.    1.00    0.00    3.00
DIHKL:   0.9919      6.    2.00    1.00    0.00
